	点	3538	1	0
	点	3538	2	0
	点	3621	0	0
	点	3702	3	0
	点	3785	1	0
	点	3785	2	0
	点	3868	0	0
	点	3949	3	0
	点	4032	0	0
	点	4032	2	0
	点	4114	1	0
	点	4197	3	0
	点	4278	0	0
	点	4278	1	0
	点	4361	2	0
	点	4444	3	0
	点	4526	0	0
	点	4526	1	0
	点	4608	2	0
	点	4690	3	0
	点	4773	0	0
	点	4773	1	0
	点	4854	2	0
	点	4937	0	0
	点	5020	1	0
	点	5020	3	0
	点	5102	2	0
	点	5184	0	0
	点	5266	2	0
	点	5266	3	0
	点	5349	1	0
	点	5432	0	0
	点	5513	2	0
	点	5513	3	0
	点	5596	1	0
	点	5678	0	0
	点	5760	1	0
	点	5760	3	0
	点	5842	2	0
	点	5925	0	0
	点	6008	2	0
	点	6008	3	0
	点	6089	1	0
	点	6172	3	0
	点	6254	1	0
	点	6254	2	0
	点	6337	0	0
	点	6418	3	0
	点	6501	1	0
	点	6501	2	0
	点	6584	0	0
	点	6665	3	0
	点	6748	0	0
	点	6748	2	0
	点	6830	3	0
	点	6913	1	0
	点	6994	0	0
	点	6994	2	0
	按	6994	3	248
	点	7077	1	0
	点	7160	2	0
	点	7242	0	0
	点	7242	1	0
	点	7324	3	0
	点	7406	2	0
	按	7489	0	246
	点	7489	1	0
	点	7489	3	0
	点	7572	2	0
	点	7653	1	0
	点	7736	3	0
	点	7818	2	0
	点	7900	1	0
	点	7982	2	0
	点	7982	3	0
	点	8065	0	0
	点	8148	1	0
	点	8229	2	0
	点	8229	3	0
	点	8312	0	0
	点	8394	1	0
	点	8477	0	0
	点	8477	2	0
	点	8558	3	0
	点	8641	0	0
	点	8724	1	0
	点	8724	2	0
	点	8805	0	0
	点	8888	3	0
	点	8970	0	0
	点	8970	1	0
	点	9053	2	0
	点	9134	3	0
	点	9217	0	0
	点	9217	1	0
	点	9300	2	0
	点	9382	3	0
	点	9464	0	0
	点	9464	1	0
	点	9546	2	0
	点	9629	3	0
	点	9710	0	0
	点	9710	1	0
	点	9793	2	0
	点	9876	3	0
	点	9958	1	0
	点	9958	2	0
	点	10040	0	0
	点	10122	3	0
	点	10205	0	0
	点	10205	2	0
	点	10288	1	0
	点	10369	3	0
	点	10452	0	0
	按	10452	1	246
	点	10452	2	0
	点	10534	3	0
	点	10616	0	0
	点	10698	2	0
	点	10781	3	0
	按	10822	1	246
	点	10864	2	0
	点	10945	0	0
	点	11028	2	0
	点	11110	3	0
	点	11193	0	0
	按	11193	1	246
	点	11193	2	0
	点	11274	3	0
	点	11357	0	0
	按	11440	2	246
	点	11521	3	0
	点	11604	1	0
	点	11686	0	0
	点	11769	3	0
	点	11850	2	0
	点	11933	0	0
	点	11933	1	0
	点	12016	3	0
	点	12098	2	0
	点	12180	0	0
	点	12180	3	0
	点	12262	1	0
	点	12345	2	0
	点	12426	0	0
	点	12426	1	0
	点	12509	3	0
	点	12592	2	0
	点	12674	1	0
	点	12674	3	0
	点	12756	0	0
	点	12838	2	0
	点	12921	0	0
	点	12921	1	0
	点	13004	3	0
	点	13085	2	0
	点	13168	0	0
	点	13168	3	0
	点	13250	1	0
	点	13332	2	0
	按	13414	0	246
	点	13414	1	0
	点	13414	3	0
	点	13497	2	0
	点	13580	3	0
	点	13661	1	0
	点	13744	2	0
	点	13826	3	0
	点	13909	0	0
	点	13909	2	0
	点	13990	1	0
	点	14073	3	0
	点	14156	1	0
	点	14156	2	0
	点	14238	0	0
	点	14320	3	0
	点	14402	0	0
	点	14402	1	0
	点	14485	2	0
	点	14566	3	0
	点	14649	0	0
	点	14649	2	0
	点	14732	1	0
	点	14814	0	0
	点	14896	2	0
	点	14896	3	0
	点	14978	1	0
	点	15061	0	0
	点	15144	1	0
	点	15144	3	0
	点	15225	2	0
	点	15308	0	0
	按	15390	1	246
	点	15390	2	0
	点	15390	3	0
	点	15472	0	0
	点	15554	2	0
	点	15637	0	0
	点	15720	3	0
	点	15801	2	0
	点	15884	0	0
	点	15884	3	0
	点	15966	1	0
	点	16049	0	0
	点	16130	2	0
	点	16130	3	0
	点	16213	0	0
	点	16296	1	0
	按	16377	0	248
	点	16377	2	0
	点	16377	3	0
	点	16460	1	0
	点	16542	2	0
	点	16625	1	0
	点	16625	3	0
	点	16706	0	0
	点	16789	1	0
	点	16872	2	0
	点	16872	3	0
	点	16954	0	0
	点	17036	2	0
	点	17118	1	0
	点	17118	3	0
	点	17201	0	0
	点	17282	2	0
	点	17365	0	0
	点	17365	1	0
	按	17365	3	246
	点	17448	2	0
	点	17530	1	0
	点	17612	0	0
	点	17694	2	0
	按	17736	3	246
	点	17777	1	0
	点	17860	0	0
	点	17860	2	0
	点	17941	1	0
	点	18024	0	0
	点	18106	1	0
	按	18106	3	246
	点	18188	2	0
	点	18270	0	0
	点	18353	1	0
	点	18353	2	0
	点	18436	0	0
	按	18477	1	246
	点	18517	3	0
	点	18600	0	0
	点	18600	2	0
	点	18682	3	0
	点	18765	0	0
	点	18846	1	0
	按	18846	2	246
	点	18846	3	0
	点	18929	0	0
	点	19012	1	0
	点	19093	0	0
	点	19093	3	0
	点	19176	1	0
	点	19258	2	0
	点	19341	0	0
	点	19341	1	0
	点	19341	3	0
	点	19464	0	0
	点	19464	1	0
	点	19464	3	0
	点	19588	0	0
	点	19588	1	0
	点	19588	3	0
	点	19710	2	0
	点	19834	0	0
	点	19834	1	0
	点	19834	3	0
	点	19958	2	0
	点	20081	0	0
	点	20081	1	0
	点	20081	3	0
	点	20205	2	0
	点	20328	0	0
	点	20328	1	0
	点	20328	3	0
	点	20452	0	0
	点	20452	1	0
	点	20452	3	0
	点	20576	0	0
	点	20576	1	0
	点	20576	3	0
	点	20698	2	0
	点	20822	0	0
	点	20822	1	0
	点	20822	3	0
	点	20945	2	0
	点	21069	0	0
	点	21069	1	0
	点	21069	3	0
	点	21193	2	0
	点	21316	0	0
	点	21316	1	0
	点	21316	3	0
	点	21440	0	0
	点	21440	1	0
	点	21440	3	0
	点	21562	0	0
	点	21562	1	0
	点	21562	3	0
	点	21686	2	0
	点	21810	0	0
	点	21810	1	0
	点	21810	3	0
	点	21933	2	0
	点	22057	0	0
	点	22057	1	0
	点	22057	3	0
	点	22180	2	0
	点	22304	0	0
	点	22304	1	0
	点	22304	3	0
	点	22426	0	0
	点	22426	2	0
	点	22426	3	0
	点	22550	0	0
	点	22550	1	0
	点	22550	3	0
	点	22674	2	0
	点	22797	0	0
	点	22797	1	0
	点	22797	3	0
	点	22921	0	0
	点	22921	2	0
	点	22921	3	0
	点	23044	0	0
	点	23044	1	0
	点	23044	3	0
	点	23168	2	0
	点	23292	1	0
	点	23292	2	0
	点	23292	3	0
	点	23414	1	0
	点	23414	2	0
	点	23414	3	0
	点	23538	1	0
	点	23538	2	0
	点	23538	3	0
	点	23661	0	0
	点	23785	1	0
	点	23785	2	0
	点	23785	3	0
	点	23909	0	0
	点	24032	1	0
	点	24032	2	0
	点	24032	3	0
	点	24156	0	0
	点	24278	1	0
	点	24278	2	0
	点	24278	3	0
	点	24402	1	0
	点	24402	2	0
	点	24402	3	0
	点	24526	1	0
	点	24526	2	0
	点	24526	3	0
	点	24649	0	0
	点	24773	1	0
	点	24773	2	0
	点	24773	3	0
	点	24896	0	0
	点	25020	1	0
	点	25020	2	0
	点	25020	3	0
	点	25144	0	0
	点	25266	1	0
	点	25266	2	0
	点	25266	3	0
	点	25390	1	0
	点	25390	2	0
	点	25390	3	0
	点	25513	1	0
	点	25513	2	0
	点	25513	3	0
	点	25637	0	0
	点	25760	1	0
	点	25760	2	0
	点	25760	3	0
	点	25884	0	0
	点	26008	1	0
	点	26008	2	0
	点	26008	3	0
	点	26130	0	0
	点	26254	1	0
	点	26254	2	0
	点	26254	3	0
	点	26377	0	0
	点	26377	1	0
	点	26377	2	0
	点	26501	1	0
	点	26501	2	0
	点	26501	3	0
	点	26625	0	0
	点	26748	1	0
	点	26748	2	0
	点	26748	3	0
	点	26872	0	0
	点	26872	1	0
	点	26872	2	0
	点	26994	1	0
	点	26994	2	0
	点	26994	3	0
	点	27118	0	0
	点	27242	0	0
	点	27242	2	0
	点	27242	3	0
	点	27365	0	0
	点	27365	2	0
	点	27365	3	0
	点	27489	0	0
	点	27489	2	0
	点	27489	3	0
	点	27612	1	0
	点	27736	0	0
	点	27736	2	0
	点	27736	3	0
	点	27860	1	0
	点	27982	0	0
	点	27982	2	0
	点	27982	3	0
	点	28106	1	0
	点	28229	0	0
	点	28229	2	0
	点	28229	3	0
	点	28353	0	0
	点	28353	2	0
	点	28353	3	0
	点	28477	0	0
	点	28477	2	0
	点	28477	3	0
	点	28600	1	0
	点	28724	0	0
	点	28724	2	0
	点	28724	3	0
	点	28846	1	0
	点	28970	0	0
	点	28970	2	0
	点	28970	3	0
	点	29093	1	0
	点	29217	0	0
	点	29217	2	0
	点	29217	3	0
	点	29341	0	0
	点	29341	2	0
	点	29341	3	0
	点	29464	0	0
	点	29464	2	0
	点	29464	3	0
	点	29588	1	0
	点	29710	0	0
	点	29710	2	0
	点	29710	3	0
	点	29834	1	0
	点	29958	0	0
	点	29958	2	0
	点	29958	3	0
	点	30081	1	0
	点	30205	0	0
	点	30205	2	0
	点	30205	3	0
	点	30328	0	0
	点	30328	1	0
	点	30328	3	0
	点	30452	0	0
	点	30452	2	0
	点	30452	3	0
	点	30576	1	0
	点	30698	0	0
	点	30698	2	0
	点	30698	3	0
	点	30822	0	0
	点	30822	1	0
	点	30822	3	0
	点	30945	0	0
	点	30945	2	0
	点	30945	3	0
	点	31069	1	0
	点	31193	0	0
	点	31193	1	0
	点	31193	2	0
	点	31316	0	0
	点	31316	1	0
	点	31316	2	0
	点	31440	0	0
	点	31440	1	0
	点	31440	2	0
	点	31562	3	0
	点	31686	0	0
	点	31686	1	0
	点	31686	2	0
	点	31810	3	0
	点	31933	0	0
	点	31933	1	0
	点	31933	2	0
	点	32057	3	0
	点	32180	0	0
	点	32180	1	0
	点	32180	2	0
	点	32304	0	0
	点	32304	1	0
	点	32304	2	0
	点	32426	0	0
	点	32426	1	0
	点	32426	2	0
	点	32550	3	0
	点	32674	0	0
	点	32674	1	0
	点	32674	2	0
	点	32797	3	0
	点	32921	0	0
	点	32921	1	0
	点	32921	2	0
	点	33044	3	0
	点	33168	0	0
	点	33168	1	0
	点	33168	2	0
	点	33292	0	0
	点	33292	1	0
	点	33292	2	0
	点	33414	0	0
	点	33414	1	0
	点	33414	2	0
	点	33538	3	0
	点	33661	0	0
	点	33661	1	0
	点	33661	2	0
	点	33785	3	0
	点	33909	0	0
	点	33909	1	0
	点	33909	2	0
	点	34032	3	0
	点	34156	0	0
	点	34156	1	0
	点	34156	2	0
	点	34278	1	0
	点	34278	2	0
	点	34278	3	0
	点	34402	0	0
	点	34402	1	0
	点	34402	2	0
	点	34526	3	0
	点	34649	0	0
	点	34649	1	0
	点	34649	2	0
	点	34773	1	0
	点	34773	2	0
	点	34773	3	0
	点	34896	0	0
	点	34896	1	0
	点	34896	2	0
	点	35020	3	0
	点	35144	1	0
	点	35144	2	0
	点	35266	1	0
	点	35266	2	0
	点	35390	1	0
	点	35390	2	0
	点	35472	0	0
	点	35554	3	0
	点	35637	1	0
	点	35637	2	0
	点	35720	3	0
	点	35801	0	0
	点	35884	1	0
	点	35884	2	0
	点	35966	0	0
	点	36049	3	0
	点	36130	1	0
	点	36130	2	0
	点	36254	0	0
	点	36254	3	0
	点	36377	1	0
	点	36377	2	0
	点	36501	0	0
	点	36501	3	0
	点	36625	1	0
	点	36625	2	0
	点	36748	0	0
	点	36748	3	0
	点	36872	1	0
	点	36872	2	0
	点	36954	3	0
	点	37036	2	0
	点	37118	0	0
	点	37118	1	0
	点	37242	0	0
	点	37242	1	0
	点	37365	0	0
	点	37365	1	0
	点	37448	2	0
	点	37530	3	0
	点	37612	0	0
	点	37612	1	0
	点	37694	3	0
	点	37777	2	0
	点	37860	0	0
	点	37860	1	0
	点	37941	3	0
	点	38024	2	0
	点	38106	0	0
	点	38106	1	0
	点	38229	2	0
	点	38229	3	0
	点	38353	0	0
	点	38353	1	0
	点	38477	2	0
	点	38477	3	0
	点	38600	0	0
	点	38600	1	0
	点	38724	2	0
	点	38724	3	0
	点	38846	0	0
	点	38846	1	0
	点	38929	3	0
	点	39012	2	0
	点	39093	0	0
	点	39093	3	0
	点	39217	0	0
	点	39217	3	0
	点	39341	0	0
	点	39341	3	0
	点	39422	1	0
	点	39505	2	0
	点	39588	0	0
	点	39588	3	0
	点	39670	2	0
	点	39752	1	0
	点	39834	0	0
	点	39834	3	0
	点	39917	2	0
	点	39998	1	0
	点	40081	0	0
	点	40081	3	0
	点	40205	1	0
	点	40205	2	0
	点	40328	0	0
	点	40328	3	0
	点	40452	1	0
	点	40452	2	0
	点	40576	0	0
	点	40576	3	0
	点	40698	1	0
	点	40698	2	0
	点	40822	0	0
	点	40822	3	0
	点	40905	1	0
	点	40986	2	0
	点	41069	1	0
	点	41069	3	0
	点	41193	1	0
	点	41193	3	0
	点	41316	1	0
	点	41316	3	0
	点	41398	0	0
	点	41481	2	0
	点	41562	1	0
	点	41562	3	0
	点	41645	2	0
	点	41728	0	0
	点	41810	1	0
	点	41810	3	0
	点	41892	0	0
	点	41974	2	0
	点	42057	1	0
	点	42057	3	0
	点	42180	0	0
	点	42180	2	0
	点	42304	1	0
	点	42304	3	0
	点	42426	0	0
	点	42426	2	0
	点	42550	1	0
	点	42550	3	0
	点	42674	0	0
	点	42674	2	0
	点	42797	1	0
	点	42797	3	0
	点	42880	0	0
	点	42962	1	0
	点	43044	0	0
	点	43044	2	0
	点	43168	0	0
	点	43168	2	0
	点	43292	0	0
	点	43292	2	0
	点	43373	3	0
	点	43456	1	0
	点	43538	0	0
	点	43538	2	0
	点	43621	1	0
	点	43702	3	0
	点	43785	0	0
	点	43785	2	0
	点	43868	3	0
	点	43949	1	0
	点	44032	0	0
	点	44032	2	0
	点	44156	1	0
	点	44156	3	0
	点	44278	0	0
	点	44278	2	0
	点	44402	1	0
	点	44402	3	0
	点	44526	0	0
	点	44526	2	0
	点	44649	1	0
	点	44649	3	0
	点	44773	0	0
	点	44773	2	0
	点	44854	3	0
	点	44937	1	0
	点	45020	2	0
	点	45020	3	0
	点	45144	2	0
	点	45144	3	0
	点	45266	2	0
	点	45266	3	0
	点	45349	0	0
	点	45432	1	0
	点	45513	2	0
	点	45513	3	0
	点	45596	1	0
	点	45678	0	0
	点	45760	2	0
	点	45760	3	0
	点	45842	1	0
	点	45925	0	0
	点	46008	2	0
	点	46008	3	0
	点	46130	0	0
	点	46130	1	0
	点	46254	2	0
	点	46254	3	0
	点	46377	0	0
	点	46377	1	0
	点	46501	2	0
	点	46501	3	0
	点	46625	0	0
	点	46625	1	0
	点	46748	2	0
	点	46748	3	0
	点	46830	0	0
	点	46913	3	0
	点	46994	1	0
	点	46994	2	0
	点	47118	1	0
	点	47118	2	0
	点	47242	1	0
	点	47242	2	0
	点	47324	0	0
	点	47406	3	0
	点	47489	1	0
	点	47489	2	0
	点	47572	3	0
	点	47653	0	0
	点	47736	1	0
	点	47736	2	0
	点	47818	0	0
	点	47900	3	0
	点	47982	1	0
	点	47982	2	0
	点	48106	0	0
	点	48106	3	0
	点	48229	1	0
	点	48229	2	0
	点	48353	0	0
	点	48353	3	0
	点	48477	1	0
	点	48477	2	0
	点	48600	0	0
	点	48600	3	0
	点	48724	1	0
	点	48724	2	0
	点	48805	3	0
	点	48888	2	0
	点	48970	0	0
	点	48970	1	0
	点	49093	0	0
	点	49093	1	0
	点	49217	0	0
	点	49217	1	0
	点	49300	2	0
	点	49382	3	0
	点	49464	0	0
	点	49464	1	0
	点	49546	3	0
	点	49629	2	0
	点	49710	0	0
	点	49710	1	0
	点	49793	2	0
	点	49876	3	0
	点	49958	0	0
	点	49958	1	0
	点	50081	2	0
	点	50081	3	0
	点	50205	0	0
	点	50205	1	0
	点	50328	2	0
	点	50328	3	0
	点	50452	0	0
	点	50452	1	0
	点	50576	2	0
	点	50576	3	0
	点	50698	0	0
	点	50698	1	0
	点	50781	3	0
	点	50864	2	0
	点	50945	0	0
	点	50945	3	0
	点	51069	0	0
	点	51069	3	0
	点	51193	0	0
	点	51193	3	0
	点	51274	1	0
	点	51357	2	0
	点	51440	0	0
	点	51440	3	0
	点	51521	2	0
	点	51604	1	0
	点	51686	0	0
	点	51686	3	0
	点	51769	1	0
	点	51850	2	0
	点	51933	0	0
	点	51933	3	0
	点	52057	1	0
	点	52057	2	0
	点	52180	0	0
	点	52180	3	0
	点	52304	1	0
	点	52304	2	0
	点	52426	0	0
	点	52426	3	0
	点	52550	1	0
	点	52550	2	0
	点	52674	0	0
	点	52674	3	0
	点	52756	2	0
	点	52838	0	0
	点	52921	1	0
	点	52921	3	0
	点	53044	1	0
	点	53044	3	0
	点	53168	1	0
	点	53168	3	0
	点	53250	0	0
	点	53332	2	0
	点	53414	1	0
	点	53414	3	0
	点	53497	2	0
	点	53580	0	0
	点	53661	1	0
	点	53661	3	0
	点	53744	0	0
	点	53826	2	0
	点	53909	1	0
	点	53909	3	0
	点	54032	0	0
	点	54032	2	0
	点	54156	1	0
	点	54156	3	0
	点	54278	0	0
	点	54278	2	0
	点	54402	1	0
	点	54402	3	0
	点	54526	0	0
	点	54526	2	0
	点	54649	1	0
	点	54649	3	0
	点	54732	2	0
	点	54814	1	0
	点	54896	0	0
	点	54896	2	0
	点	55020	0	0
	点	55020	2	0
	点	55144	0	0
	点	55144	2	0
	点	55225	3	0
	点	55308	1	0
	点	55390	0	0
	点	55390	2	0
	点	55472	1	0
	点	55554	3	0
	点	55637	0	0
	点	55637	2	0
	点	55720	1	0
	点	55801	3	0
	点	55884	0	0
	点	55884	2	0
	点	56008	1	0
	点	56008	3	0
	点	56130	0	0
	点	56130	2	0
	点	56254	1	0
	点	56254	3	0
	点	56377	0	0
	点	56377	2	0
	点	56501	1	0
	点	56501	3	0
	点	56625	0	0
	点	56625	2	0
	点	56706	3	0
	点	56789	1	0
	点	56872	2	0
	点	56872	3	0
	点	56994	2	0
	点	56994	3	0
	点	57118	2	0
	点	57118	3	0
	点	57201	0	0
	点	57282	1	0
	点	57365	2	0
	点	57365	3	0
	点	57448	1	0
	点	57530	0	0
	点	57612	2	0
	点	57612	3	0
	点	57694	1	0
	点	57777	0	0
	点	57860	2	0
	点	57860	3	0
	点	57982	0	0
	点	57982	1	0
	点	58106	2	0
	点	58106	3	0
	点	58229	0	0
	点	58229	1	0
	点	58353	2	0
	点	58353	3	0
	点	58477	0	0
	点	58477	1	0
	点	58600	2	0
	点	58600	3	0
	点	58682	0	0
	点	58765	3	0
	点	58846	1	0
	点	58846	2	0
	点	58970	1	0
	点	58970	2	0
	点	59093	1	0
	点	59093	2	0
	点	59176	3	0
	点	59258	0	0
	点	59341	1	0
	点	59341	2	0
	点	59422	0	0
	点	59505	3	0
	点	59588	1	0
	点	59588	2	0
	点	59670	0	0
	点	59752	3	0
	点	59834	1	0
	点	59834	2	0
	点	59958	0	0
	点	59958	3	0
	点	60081	1	0
	点	60081	2	0
	点	60205	0	0
	点	60205	3	0
	点	60328	1	0
	点	60328	2	0
	点	60452	0	0
	点	60452	3	0
	点	60576	1	0
	点	60576	2	0
	点	60657	3	0
	点	60740	2	0
	点	60822	0	0
	点	60822	1	0
	点	60945	0	0
	点	60945	1	0
	点	61069	0	0
	点	61069	1	0
	点	61152	3	0
	点	61233	2	0
	点	61316	0	0
	点	61316	1	0
	点	61398	2	0
	点	61481	3	0
	点	61562	0	0
	点	61562	1	0
	点	61645	2	0
	点	61728	3	0
	点	61810	0	0
	点	61810	1	0
	点	61933	2	0
	点	61933	3	0
	点	62057	0	0
	点	62057	1	0
	点	62180	2	0
	点	62180	3	0
	点	62304	0	0
	点	62304	1	0
	点	62426	2	0
	点	62426	3	0
	点	62550	0	0
	点	62550	1	0
	点	62633	2	0
	点	62716	1	0
	点	62797	0	0
	点	62797	3	0
	点	62921	0	0
	点	62921	3	0
	点	63044	0	0
	点	63044	3	0
	点	63126	1	0
	点	63209	2	0
	点	63292	0	0
	点	63292	3	0
	点	63373	2	0
	点	63456	1	0
	点	63538	0	0
	点	63538	3	0
	点	63621	1	0
	点	63702	2	0
	点	63785	0	0
	点	63785	3	0
	点	63909	1	0
	点	63909	2	0
	点	64032	0	0
	点	64032	3	0
	点	64156	1	0
	点	64156	2	0
	点	64278	0	0
	点	64278	3	0
	点	64402	1	0
	点	64402	2	0
	点	64526	0	0
	点	64526	3	0
	点	64649	0	0
	点	64773	1	0
	按	64773	2	122
	按	64896	0	124
	点	64896	3	0
	点	65020	1	0
	按	65020	3	124
	点	65144	1	0
	按	65144	2	122
	按	65266	0	124
	点	65266	3	0
	点	65390	1	0
	按	65390	2	122
	按	65513	1	124
	点	65513	3	0
	点	65637	2	0
	按	65637	3	122
	按	65760	0	124
	点	65760	1	0
	点	65884	2	0
	按	65884	3	124
	点	66008	0	0
	按	66008	1	122
	按	66130	2	124
	点	66130	3	0
	按	66254	0	122
	点	66254	1	0
	点	66377	2	0
	按	66377	3	124
	按	66501	0	124
	点	66501	1	0
	按	66625	2	122
	点	66625	3	0
	点	66748	0	0
	按	66748	1	124
	点	66872	0	0
	点	66872	3	0
	点	66994	1	0
	按	66994	2	124
	点	67118	0	0
	点	67118	3	0
	按	67242	1	122
	点	67242	2	0
	按	67365	0	124
	点	67365	2	0
	点	67489	1	0
	点	67489	3	0
	点	67612	0	0
	点	67612	2	0
	按	67736	1	124
	点	67736	3	0
	点	67860	0	0
	点	67860	3	0
	点	67982	1	0
	点	67982	2	0
	按	68106	0	122
	点	68106	3	0
	点	68229	1	0
	点	68229	2	0
	点	68353	0	0
	点	68353	2	0
	按	68477	1	122
	点	68477	3	0
	点	68600	0	0
	点	68600	3	0
	按	68724	1	122
	点	68724	2	0
	点	68846	0	0
	点	68846	2	0
	点	68970	1	0
	按	68970	3	122
	点	69093	0	0
	点	69093	2	0
	按	69217	1	124
	点	69217	3	0
	按	69341	0	122
	点	69341	3	0
	点	69464	1	0
	点	69464	2	0
	点	69588	0	0
	点	69588	3	0
	按	69710	1	124
	点	69710	2	0
	点	69834	0	0
	点	69834	2	0
	点	69958	1	0
	点	69958	3	0
	按	70081	0	124
	点	70081	2	0
	点	70205	1	0
	点	70205	3	0
	点	70328	0	0
	点	70328	3	0
	按	70452	1	124
	点	70452	2	0
	点	70576	0	0
	点	70576	2	0
	按	70698	1	124
	点	70698	3	0
	点	70822	0	0
	点	70822	3	0
	点	70945	1	0
	按	70945	2	124
	点	71069	0	0
	点	71069	3	0
	按	71193	1	122
	点	71193	2	0
	按	71316	0	124
	点	71316	2	0
	点	71440	1	0
	点	71440	3	0
	点	71562	0	0
	点	71562	2	0
	按	71686	1	124
	点	71686	3	0
	点	71810	0	0
	点	71810	3	0
	点	71933	1	0
	点	71933	2	0
	点	72057	0	0
	按	72057	3	122
	点	72180	1	0
	点	72180	2	0
	点	72304	2	0
	点	72304	3	0
	点	72426	0	0
	按	72426	1	124
	点	72550	0	0
	点	72550	2	0
	点	72674	1	0
	按	72674	3	122
	点	72797	1	0
	点	72797	2	0
	点	72921	0	0
	按	72921	3	122
	点	73044	1	0
	点	73044	2	0
	点	73168	0	0
	按	73168	3	124
	点	73292	0	0
	按	73292	1	122
	点	73414	2	0
	点	73414	3	0
	点	73538	0	0
	点	73538	1	0
	点	73661	2	0
	按	73661	3	124
	点	73785	1	0
	点	73785	2	0
	点	73909	0	0
	点	73909	3	0
	点	74032	1	0
	按	74032	2	124
	点	74156	0	0
	点	74156	3	0
	点	74278	0	0
	点	74278	1	0
	点	74402	2	0
	按	74402	3	124
	点	74526	1	0
	点	74526	2	0
	点	74649	0	0
	按	74649	3	124
	点	74773	0	0
	点	74773	1	0
	按	74896	2	124
	点	74896	3	0
	点	75020	0	0
	点	75020	1	0
	点	75144	2	0
	按	75144	3	122
	按	75266	1	124
	点	75266	2	0
	点	75390	0	0
	点	75390	3	0
	点	75513	1	0
	点	75513	2	0
	点	75637	0	0
	按	75637	3	122
	点	75760	0	0
	点	75760	1	0
	点	75884	2	0
	点	75884	3	0
	按	76008	0	122
	点	76008	1	0
	点	76130	2	0
	点	76130	3	0
	点	76254	1	0
	点	76254	2	0
	点	76377	0	0
	按	76377	3	124
	点	76501	0	0
	点	76501	1	0
	点	76625	2	0
	按	76625	3	122
	点	76748	1	0
	点	76748	2	0
	按	76872	0	122
	点	76872	3	0
	点	76994	1	0
	点	76994	2	0
	点	77118	0	0
	按	77118	3	124
	点	77242	0	0
	按	77242	1	122
	点	77365	2	0
	点	77365	3	0
	点	77489	0	0
	点	77489	1	0
	点	77612	2	0
	按	77612	3	124
	点	77736	1	0
	点	77736	2	0
	点	77860	0	0
	点	77860	3	0
	点	77982	1	0
	按	77982	2	124
	点	78106	0	0
	点	78106	3	0
	点	78229	0	0
	点	78229	2	0
	点	78353	1	0
	按	78353	3	124
	点	78477	0	0
	点	78477	1	0
	按	78600	2	124
	点	78600	3	0
	点	78724	0	0
	点	78724	3	0
	按	78846	1	124
	点	78846	2	0
	点	78970	0	0
	点	78970	3	0
	点	79093	1	0
	按	79093	2	124
	点	79217	1	0
	按	79217	3	124
	点	79341	0	0
	点	79341	2	0
	点	79464	1	0
	点	79464	3	0
	点	79588	0	0
	按	79588	2	122
	点	79710	0	0
	点	79710	3	0
	点	79834	1	0
	点	79834	2	0
	按	79958	0	122
	点	79958	3	0
	点	80081	1	0
	点	80081	2	0
	点	80205	1	0
	点	80205	3	0
	点	80328	0	0
	按	80328	2	124
	点	80452	0	0
	点	80452	3	0
	点	80576	1	0
	按	80576	2	122
	点	80698	1	0
	点	80698	3	0
	按	80822	0	122
	点	80822	2	0
	点	80945	1	0
	点	80945	3	0
	点	81069	0	0
	按	81069	2	124
	点	81193	0	0
	按	81193	3	122
	点	81316	1	0
	点	81316	2	0
	点	81440	0	0
	点	81440	3	0
	点	81562	1	0
	按	81562	2	124
	点	81686	1	0
	点	81686	3	0
	点	81810	0	0
	点	81810	2	0
	按	81933	1	124
	点	81933	3	0
	点	82057	0	0
	点	82057	2	0
	点	82180	0	0
	点	82180	3	0
	点	82304	1	0
	按	82304	2	122
	点	82426	1	0
	点	82426	3	0
	点	82550	0	0
	按	82550	2	124
	点	82674	0	0
	点	82674	3	0
	按	82797	1	124
	点	82797	2	0
	点	82921	0	0
	点	82921	3	0
	点	83044	1	0
	按	83044	2	124
	点	83168	1	0
	按	83168	3	124
	点	83292	0	0
	点	83292	2	0
	点	83414	1	0
	点	83414	3	0
	点	83538	0	0
	按	83538	2	122
	点	83661	0	0
	点	83661	3	0
	点	83785	1	0
	点	83785	2	0
	按	83909	0	122
	点	83909	3	0
	点	84032	1	0
	点	84032	2	0
	点	84156	0	0
	点	84156	1	0
	按	84278	2	124
	点	84278	3	0
	点	84402	1	0
	点	84402	3	0
	按	84526	0	122
	点	84526	2	0
	点	84649	1	0
	点	84649	2	0
	点	84773	0	0
	按	84773	3	122
	点	84896	1	0
	点	84896	2	0
	按	85020	0	124
	点	85020	3	0
	按	85144	2	122
	点	85144	3	0
	点	85266	0	0
	点	85266	1	0
	点	85390	2	0
	点	85390	3	0
	按	85513	0	124
	点	85513	1	0
	点	85637	1	0
	点	85637	2	0
	点	85760	0	0
	点	85760	3	0
	点	85884	1	0
	按	85884	2	124
	点	86008	0	0
	点	86008	3	0
	点	86130	2	0
	点	86130	3	0
	按	86254	0	122
	点	86254	1	0
	点	86377	1	0
	点	86377	2	0
	按	86501	0	124
	点	86501	3	0
	点	86625	2	0
	点	86625	3	0
	点	86748	0	0
	按	86748	1	124
	点	86872	2	0
	点	86872	3	0
	按	86994	0	124
	点	86994	1	0
	点	87118	1	0
	按	87118	2	124
	点	87242	0	0
	点	87242	3	0
	点	87365	1	0
	点	87365	2	0
	按	87489	0	122
	点	87489	3	0
	点	87612	2	0
	点	87612	3	0
	点	87736	0	0
	点	87736	1	0
	按	87860	2	122
	点	87860	3	0
	点	87982	0	0
	点	87982	1	0
	点	88106	1	0
	点	88106	2	0
	按	88229	0	124
	点	88229	3	0
	点	88353	2	0
	点	88353	3	0
	按	88477	0	122
	点	88477	1	0
	点	88600	1	0
	点	88600	2	0
	点	88724	0	0
	按	88724	3	122
	点	88846	1	0
	点	88846	2	0
	按	88970	0	122
	点	88970	3	0
	按	89093	2	124
	点	89093	3	0
	点	89217	0	0
	点	89217	1	0
	点	89341	2	0
	点	89341	3	0
	按	89464	0	124
	点	89464	1	0
	点	89588	1	0
	点	89588	2	0
	点	89710	0	0
	点	89710	3	0
	点	89834	1	0
	按	89834	2	124
	点	89958	0	0
	点	89958	3	0
	点	90081	1	0
	点	90081	3	0
	点	90205	0	0
	按	90205	2	122
	点	90328	0	0
	点	90328	1	0
	按	90452	2	124
	点	90452	3	0
	点	90576	1	0
	点	90576	3	0
	按	90698	0	124
	点	90698	2	0
	点	90822	1	0
	点	90822	3	0
	点	90945	0	0
	按	90945	2	124
	点	91069	0	0
	按	91069	3	124
	点	91193	1	0
	点	91193	2	0
	点	91316	0	0
	点	91316	3	0
	点	91440	1	0
	按	91440	2	122
	点	91562	0	0
	点	91562	1	0
	点	91686	2	0
	点	91686	3	0
	按	91810	0	122
	点	91810	1	0
	点	91933	1	0
	点	91933	2	0
	点	91933	3	0
	点	92057	0	0
	点	92057	2	0
	按	92180	1	124
	点	92180	3	0
	点	92304	2	0
	点	92304	3	0
	点	92426	0	0
	按	92426	1	124
	点	92550	0	0
	点	92550	2	0
	点	92674	1	0
	按	92674	3	122
	点	92797	0	0
	点	92797	2	0
	按	92921	1	122
	点	92921	3	0
	按	93044	0	124
	点	93044	3	0
	点	93168	1	0
	点	93168	2	0
	点	93292	0	0
	点	93292	3	0
	按	93414	1	124
	点	93414	2	0
	点	93538	2	0
	点	93538	3	0
	点	93661	0	0
	点	93661	1	0
	点	93785	2	0
	按	93785	3	124
	点	93909	0	0
	点	93909	1	0
	点	93909	2	0
	点	94032	1	0
	点	94032	3	0
	按	94156	0	122
	点	94156	2	0
	点	94278	1	0
	点	94278	3	0
	点	94402	0	0
	点	94402	2	0
	点	94526	0	0
	点	94526	2	0
	点	94649	1	0
	点	94649	2	0
	点	94773	2	0
	点	94773	3	0
	点	94896	1	0
	点	94896	2	0
	点	95020	1	0
	点	95020	2	0
	点	95144	2	0
	点	95144	3	0
	点	95266	1	0
	点	95266	2	0
	点	95390	2	0
	点	95390	3	0
	点	95513	2	0
	点	95513	3	0
	点	95637	0	0
	点	95637	2	0
	点	95760	1	0
	点	95760	2	0
	点	95884	1	0
	点	95884	2	0
	点	96008	2	0
	点	96008	3	0
	点	96130	2	0
	点	96130	3	0
	点	96254	0	0
	点	96254	2	0
	点	96377	1	0
	点	96377	2	0
	点	96501	0	0
	点	96501	1	0
	点	96625	1	0
	点	96625	3	0
	点	96748	0	0
	点	96748	1	0
	点	96872	1	0
	点	96872	2	0
	点	96994	1	0
	点	96994	2	0
	点	97118	1	0
	点	97118	3	0
	点	97242	0	0
	点	97242	1	0
	点	97365	1	0
	点	97365	2	0
	点	97489	1	0
	点	97489	2	0
	点	97612	1	0
	点	97612	3	0
	点	97736	0	0
	点	97736	1	0
	点	97860	0	0
	点	97860	1	0
	点	97982	1	0
	点	97982	2	0
	点	97982	3	0
	点	98106	1	0
	点	98106	2	0
	点	98229	1	0
	点	98229	3	0
	点	98353	1	0
	点	98353	2	0
	点	98353	3	0
	点	98436	0	0
	点	98517	3	0
	点	98600	1	0
	点	98600	2	0
	点	98682	0	0
	点	98765	3	0
	点	98846	0	0
	点	98846	2	0
	点	98929	1	0
	点	99012	3	0
	点	99093	0	0
	点	99093	1	0
	点	99176	2	0
	点	99258	3	0
	点	99341	0	0
	点	99341	1	0
	点	99422	2	0
	点	99505	3	0
	点	99588	0	0
	点	99588	1	0
	点	99670	2	0
	点	99752	0	0
	点	99834	1	0
	点	99834	3	0
	点	99917	2	0
	点	99998	0	0
	点	100081	2	0
	点	100081	3	0
	点	100164	1	0
	点	100246	0	0
	点	100328	2	0
	点	100328	3	0
	点	100410	1	0
	点	100493	0	0
	点	100576	1	0
	点	100576	3	0
	点	100657	2	0
	点	100740	0	0
	点	100822	2	0
	点	100822	3	0
	点	100905	1	0
	点	100986	3	0
	点	101069	1	0
	点	101069	2	0
	点	101152	0	0
	点	101233	3	0
	点	101316	1	0
	点	101316	2	0
	点	101398	0	0
	点	101481	3	0
	点	101562	0	0
	点	101562	2	0
	点	101645	3	0
	点	101728	1	0
	点	101810	0	0
	点	101810	3	0
	点	101892	1	0
	点	101974	2	0
	点	102057	0	0
	点	102057	1	0
	点	102138	3	0
	点	102221	2	0
	点	102304	0	0
	点	102304	3	0
	点	102386	2	0
	点	102468	1	0
	点	102550	0	0
	点	102550	3	0
	点	102633	2	0
	点	102716	1	0
	点	102797	2	0
	点	102797	3	0
	点	102880	0	0
	点	102962	1	0
	点	103044	2	0
	点	103044	3	0
	点	103126	0	0
	点	103209	1	0
	点	103292	0	0
	点	103292	2	0
	点	103373	3	0
	点	103456	0	0
	点	103538	1	0
	点	103538	2	0
	点	103621	0	0
	点	103702	3	0
	点	103785	0	0
	点	103785	1	0
	点	103868	2	0
	点	103949	3	0
	点	104032	0	0
	点	104032	1	0
	点	104114	2	0
	点	104197	3	0
	点	104278	0	0
	点	104278	1	0
	点	104361	2	0
	点	104444	3	0
	点	104526	0	0
	点	104526	1	0
	点	104608	2	0
	点	104690	3	0
	点	104773	1	0
	点	104773	2	0
	点	104854	0	0
	点	104937	3	0
	点	105020	0	0
	点	105020	2	0
	点	105102	1	0
	点	105184	3	0
	点	105266	1	0
	点	105266	2	0
	点	105349	3	0
	点	105432	0	0
	点	105513	1	0
	点	105513	2	0
	点	105596	3	0
	点	105678	1	0
	点	105760	0	0
	点	105760	2	0
	点	105842	3	0
	点	105925	1	0
	点	106008	0	0
	点	106008	2	0
	点	106089	3	0
	点	106172	1	0
	点	106254	2	0
	点	106254	3	0
	点	106337	0	0
	点	106418	1	0
	点	106501	0	0
	点	106501	2	0
	点	106584	3	0
	点	106665	2	0
	点	106748	0	0
	点	106748	1	0
	点	106830	3	0
	点	106913	2	0
	点	106994	0	0
	点	106994	3	0
	点	107077	1	0
	点	107160	2	0
	点	107242	0	0
	点	107242	1	0
	点	107324	3	0
	点	107406	2	0
	点	107489	1	0
	点	107489	3	0
	点	107572	0	0
	点	107653	2	0
	点	107736	0	0
	点	107736	1	0
	点	107818	3	0
	点	107900	2	0
	点	107982	0	0
	点	107982	3	0
	点	108065	1	0
	点	108148	2	0
	点	108229	0	0
	点	108229	3	0
	点	108312	2	0
	点	108394	3	0
	点	108477	0	0
	点	108477	1	0
	点	108558	2	0
	点	108641	3	0
	点	108724	0	0
	点	108724	2	0
	点	108805	1	0
	点	108888	3	0
	点	108970	1	0
	点	108970	2	0
	点	109053	0	0
	点	109134	3	0
	点	109217	0	0
	点	109217	1	0
	点	109300	2	0
	点	109382	3	0
	点	109464	0	0
	点	109464	2	0
	点	109546	1	0
	点	109629	0	0
	点	109710	2	0
	点	109710	3	0
	点	109793	1	0
	点	109876	0	0
	点	109958	1	0
	点	109958	3	0
	点	110040	2	0
	点	110122	0	0
	点	110205	1	0
	点	110205	3	0
	点	110288	0	0
	点	110369	2	0
	点	110452	0	0
	点	110452	1	0
	点	110534	3	0
	点	110616	2	0
	点	110698	0	0
	点	110698	3	0
	点	110781	1	0
	点	110864	0	0
	点	110945	2	0
	点	110945	3	0
	点	111028	0	0
	点	111110	1	0
	点	111193	0	0
	点	111193	2	0
	点	111274	1	0
	点	111357	2	0
	点	111440	1	0
	点	111440	3	0
	点	111521	0	0
	点	111604	1	0
	点	111686	2	0
	点	111686	3	0
	点	111769	0	0
	点	111850	2	0
	点	111933	1	0
	点	111933	3	0
	点	112016	0	0
	点	112098	2	0
	点	112180	0	0
	点	112180	1	0
	点	112262	2	0
	点	112345	1	0
	点	112426	0	0
	点	112426	3	0
	点	112509	2	0
	点	112592	1	0
	点	112674	0	0
	点	112674	3	0
	点	112756	1	0
	点	112838	0	0
	点	112921	1	0
	点	112921	3	0
	点	113004	2	0
	点	113085	0	0
	点	113168	1	0
	点	113168	3	0
	点	113250	0	0
	点	113332	3	0
	点	113414	1	0
	点	113414	2	0
	点	113497	3	0
	点	113580	0	0
	点	113661	2	0
	点	113661	3	0
	点	113744	0	0
	点	113826	1	0
	点	113909	0	0
	点	113909	2	0
	点	113990	3	0
	点	114073	1	0
	点	114156	0	0
	点	114156	2	0
	点	114156	3	0
	点	114278	0	0
	点	114278	2	0
	点	114402	0	0
	点	114402	3	0
	点	114526	1	0
	点	114526	3	0
	点	114649	0	0
	点	114649	3	0
	点	114773	0	0
	点	114773	2	0
	点	114896	0	0
	点	114896	3	0
	点	115020	1	0
	点	115020	2	0
	点	115144	0	0
	点	115144	3	0
	点	115266	0	0
	点	115266	1	0
	点	115390	1	0
	点	115390	3	0
	点	115513	2	0
	点	115513	3	0
	点	115637	0	0
	点	115637	2	0
	点	115760	0	0
	点	115760	1	0
	点	115884	1	0
	点	115884	3	0
	点	116008	0	0
	点	116008	2	0
	点	116130	1	0
	点	116130	3	0
	点	116254	0	0
	点	116254	2	0
	点	116377	1	0
	点	116377	3	0
	点	116501	2	0
	点	116501	3	0
	点	116625	1	0
	点	116625	2	0
	点	116748	0	0
	点	116748	3	0
	点	116872	1	0
	点	116872	3	0
	点	116994	1	0
	点	116994	2	0
	点	117118	0	0
	点	117118	3	0
	点	117242	0	0
	点	117242	2	0
	点	117365	2	0
	点	117365	3	0
	点	117489	1	0
	点	117489	3	0
	点	117612	1	0
	点	117612	2	0
	点	117736	0	0
	点	117736	2	0
	点	117860	0	0
	点	117860	3	0
	点	117982	1	0
	点	117982	2	0
	点	118106	0	0
	点	118106	1	0
	点	118106	3	0
	点	118229	2	0
	点	118229	3	0
	点	118353	0	0
	点	118353	1	0
	点	118477	1	0
	点	118477	2	0
	点	118600	2	0
	点	118600	3	0
	点	118724	1	0
	点	118724	3	0
	点	118846	1	0
	点	118846	2	0
	点	118970	0	0
	点	118970	3	0
	点	119093	1	0
	点	119093	2	0
	点	119217	1	0
	点	119217	3	0
	点	119341	2	0
	点	119341	3	0
	点	119464	0	0
	点	119464	2	0
	点	119588	0	0
	点	119588	1	0
	点	119710	1	0
	点	119710	2	0
	点	119834	0	0
	点	119834	2	0
	点	119958	1	0
	点	119958	3	0
	点	120081	0	0
	点	120081	2	0
	点	120205	1	0
	点	120205	3	0
	点	120328	0	0
	点	120328	2	0
	点	120452	0	0
	点	120452	3	0
	点	120576	1	0
	点	120576	2	0
	点	120698	1	0
	点	120698	3	0
	点	120822	2	0
	点	120822	3	0
	点	120945	0	0
	点	120945	1	0
	点	121069	1	0
	点	121069	2	0
	点	121069	3	0
	点	121193	0	0
	点	121193	2	0
	点	121316	0	0
	点	121316	3	0
	点	121440	1	0
	点	121440	2	0
	点	121440	3	0
	点	121562	1	0
	点	121562	2	0
	点	121686	0	0
	点	121686	2	0
	点	121810	0	0
	点	121810	1	0
	点	121810	3	0
	点	121933	1	0
	点	121933	2	0
	点	122057	0	0
	点	122057	1	0
	点	122057	2	0
	点	122057	3	0
	点	122180	0	0
	点	122180	3	0
	点	122304	2	0
	点	122304	3	0
	点	122426	1	0
	点	122426	2	0
	点	122550	1	0
	点	122550	3	0
	点	122674	0	0
	点	122674	3	0
	点	122797	0	0
	点	122797	1	0
	点	122921	2	0
	点	122921	3	0
	点	123044	0	0
	点	123044	1	0
	点	123168	1	0
	点	123168	3	0
	点	123292	0	0
	点	123292	3	0
	点	123414	0	0
	点	123414	2	0
	点	123538	1	0
	点	123538	2	0
	点	123661	1	0
	点	123661	3	0
	点	123785	2	0
	点	123785	3	0
	点	123909	0	0
	点	123909	1	0
	点	124032	0	0
	点	124032	2	0
	点	124032	3	0
	点	124156	2	0
	点	124156	3	0
	点	124278	0	0
	点	124278	1	0
	点	124402	1	0
	点	124402	3	0
	点	124526	0	0
	点	124526	3	0
	点	124649	0	0
	点	124649	2	0
	点	124773	1	0
	点	124773	2	0
	点	124896	0	0
	点	124896	3	0
	点	125020	1	0
	点	125020	2	0
	点	125144	2	0
	点	125144	3	0
	点	125266	1	0
	点	125266	3	0
	点	125390	0	0
	点	125390	1	0
	点	125513	0	0
	点	125513	3	0
	点	125637	2	0
	点	125637	3	0
	点	125760	1	0
	点	125760	2	0
	点	125884	0	0
	点	125884	3	0
	点	126008	1	0
	点	126008	2	0
	点	126008	3	0
	点	126130	1	0
	点	126130	2	0
	点	126254	0	0
	点	126254	1	0
	点	126254	2	0
	点	126377	1	0
	点	126377	2	0
	点	126501	1	0
	点	126501	2	0
	点	126501	3	0
	点	126625	1	0
	点	126625	2	0
	点	126748	0	0
	点	126748	1	0
	点	126748	2	0
	点	126872	1	0
	点	126872	2	0
	点	126994	1	0
	点	126994	2	0
	点	126994	3	0
	点	127118	1	0
	点	127118	2	0
	点	127242	0	0
	点	127242	1	0
	点	127242	2	0
	点	127365	1	0
	点	127365	2	0
	点	127489	1	0
	点	127489	2	0
	点	127489	3	0
	点	127612	1	0
	点	127612	2	0
	点	127736	0	0
	点	127736	1	0
	点	127736	2	0
	点	127860	1	0
	点	127860	2	0
	点	127982	1	0
	点	127982	2	0
	点	127982	3	0
	点	128106	0	0
	点	128106	3	0
	点	128229	0	0
	点	128229	1	0
	点	128229	3	0
	点	128353	2	0
	点	128353	3	0
	点	128478	1	0
	点	128478	2	0
	点	128478	3	0
	点	128600	0	0
	点	128600	3	0
	点	128725	0	0
	点	128725	2	0
	点	128725	3	0
	点	128846	1	0
	点	128846	3	0
	点	128970	0	0
	点	128970	1	0
	点	128970	3	0
	点	129093	2	0
	点	129093	3	0
	点	129217	1	0
	点	129217	2	0
	点	129217	3	0
	点	129342	1	0
	点	129342	3	0
	点	129464	0	0
	点	129464	2	0
	点	129464	3	0
	点	129588	0	0
	点	129588	3	0
	点	129710	0	0
	点	129710	1	0
	点	129710	3	0
	点	129834	2	0
	点	129834	3	0
	点	129960	1	0
	点	129960	2	0
	点	129960	3	0
	点	130081	0	0
	点	130081	3	0
	点	130205	0	0
	点	130205	1	0
	点	130205	2	0
	点	130205	3	0
	点	130266	0	0
	点	130266	1	0
	点	130266	2	0
	点	130266	3	0
	点	130328	0	0
	点	130328	1	0
	点	130328	2	0
	点	130328	3	0
	点	130392	0	0
	点	130392	1	0
	点	130392	2	0
	点	130392	3	0
	点	130452	0	0
	点	130452	1	0
	点	130452	2	0
	点	130452	3	0
	点	130513	0	0
	点	130513	1	0
	点	130513	2	0
	点	130513	3	0
	点	130577	0	0
	点	130577	1	0
	点	130577	2	0
	点	130577	3	0
	点	130637	0	0
	点	130637	1	0
	点	130637	2	0
	点	130637	3	0
	点	130698	0	0
	点	130698	1	0
	点	130698	2	0
	点	130698	3	0
	点	130760	0	0
	点	130760	1	0
	点	130760	2	0
	点	130760	3	0
	点	130824	0	0
	点	130824	1	0
	点	130824	2	0
	点	130824	3	0
	点	130884	0	0
	点	130884	1	0
	点	130884	2	0
	点	130884	3	0
	点	130945	0	0
	点	130945	1	0
	点	130945	2	0
	点	130945	3	0
	点	131009	0	0
	点	131009	1	0
	点	131009	2	0
	点	131009	3	0
	点	131069	0	0
	点	131069	1	0
	点	131069	2	0
	点	131069	3	0
	点	131130	0	0
	点	131130	1	0
	点	131130	2	0
	点	131130	3	0
	点	131194	0	0
	点	131194	1	0
	点	131194	2	0
	点	131194	3	0
	点	131254	0	0
	点	131254	1	0
	点	131254	2	0
	点	131254	3	0
	点	131316	0	0
	点	131316	1	0
	点	131316	2	0
	点	131316	3	0
	点	131377	0	0
	点	131377	1	0
	点	131377	2	0
	点	131377	3	0
	点	131441	0	0
	点	131441	1	0
	点	131441	2	0
	点	131441	3	0
	点	131501	0	0
	点	131501	1	0
	点	131501	2	0
	点	131501	3	0
	点	131562	0	0
	点	131562	1	0
	点	131562	2	0
	点	131562	3	0
	点	131626	0	0
	点	131626	1	0
	点	131626	2	0
	点	131626	3	0
	点	131686	0	0
	点	131686	1	0
	点	131686	2	0
	点	131686	3	0
	点	131748	0	0
	点	131748	1	0
	点	131748	2	0
	点	131748	3	0
	点	131812	0	0
	点	131812	1	0
	点	131812	2	0
	点	131812	3	0
	点	131881	0	0
	点	131881	1	0
	点	131881	2	0
	点	131881	3	0
	点	131932	0	0
	点	131932	1	0
	点	131932	2	0
	点	131932	3	0
	点	132004	0	0
	点	132004	1	0
	点	132004	2	0
	点	132004	3	0
	点	132056	0	0
	点	132056	1	0
	点	132056	2	0
	点	132056	3	0
	点	132128	0	0
	点	132128	1	0
	点	132128	2	0
	点	132128	3	0
	点	132178	0	0
	点	132178	1	0
	点	132178	2	0
	点	132178	3	0
	点	132250	0	0
	点	132250	1	0
	点	132250	2	0
	点	132250	3	0
	点	132302	0	0
	点	132302	1	0
	点	132302	2	0
	点	132302	3	0
	点	132365	0	0
	点	132365	1	0
	点	132365	2	0
	点	132365	3	0
	点	132429	0	0
	点	132429	1	0
	点	132429	2	0
	点	132429	3	0
	点	132489	0	0
	点	132489	1	0
	点	132489	2	0
	点	132489	3	0
	点	132550	0	0
	点	132550	1	0
	点	132550	2	0
	点	132550	3	0
	点	132612	0	0
	点	132612	1	0
	点	132612	2	0
	点	132612	3	0
	点	132676	0	0
	点	132676	1	0
	点	132676	2	0
	点	132676	3	0
	点	132746	0	0
	点	132746	1	0
	点	132746	2	0
	点	132746	3	0
	点	132797	0	0
	点	132797	1	0
	点	132797	2	0
	点	132797	3	0
	点	132869	0	0
	点	132869	1	0
	点	132869	2	0
	点	132869	3	0
	点	132921	0	0
	点	132921	1	0
	点	132921	2	0
	点	132921	3	0
	点	132993	0	0
	点	132993	1	0
	点	132993	2	0
	点	132993	3	0
	点	133044	0	0
	点	133044	1	0
	点	133044	2	0
	点	133044	3	0
	点	133116	0	0
	点	133116	1	0
	点	133116	2	0
	点	133116	3	0
	按	133168	0	246
	按	133168	1	246
	按	133168	2	246
	按	133168	3	246
	点	133909	0	0
	点	133909	1	0
	点	133909	2	0
	点	133909	3	0
	点	133981	0	0
	点	133981	1	0
	点	133981	2	0
	点	133981	3	0
	点	134032	0	0
	点	134032	1	0
	点	134032	2	0
	点	134032	3	0
	点	134104	0	0
	点	134104	1	0
	点	134104	2	0
	点	134104	3	0
	点	134156	0	0
	点	134156	1	0
	点	134156	2	0
	点	134156	3	0
	点	134228	0	0
	点	134228	1	0
	点	134228	2	0
	点	134228	3	0
	点	134278	0	0
	点	134278	1	0
	点	134278	2	0
	点	134278	3	0
	点	134402	0	0
	点	134402	2	0
	点	134402	3	0
	点	134526	0	0
	点	134526	1	0
	点	134526	3	0
	点	134649	2	0
	点	134773	0	0
	点	134773	1	0
	点	134773	3	0
	点	134845	2	0
	点	134896	3	0
	点	134968	2	0
	点	135020	0	0
	点	135020	1	0
	点	135020	3	0
	点	135142	2	0
	点	135266	0	0
	点	135266	1	0
	点	135266	3	0
	点	135390	0	0
	点	135390	2	0
	点	135390	3	0
	点	135513	0	0
	点	135513	1	0
	点	135513	3	0
	点	135637	0	0
	点	135637	2	0
	点	135637	3	0
	点	135760	0	0
	点	135760	1	0
	点	135760	3	0
	点	135832	1	0
	点	135884	0	0
	点	135884	2	0
	点	135884	3	0
	点	135956	1	0
	点	136008	0	0
	点	136008	1	0
	点	136008	3	0
	点	136080	1	0
	点	136130	2	0
	点	136202	3	0
	点	136254	0	0
	点	136254	1	0
	点	136326	2	0
	点	136377	3	0
	点	136501	0	0
	点	136501	1	0
	点	136501	2	0
	点	136573	3	0
	点	136625	3	0
	点	136697	1	0
	点	136748	0	0
	点	136748	2	0
	点	136820	1	0
	点	136872	3	0
	点	136944	2	0
	点	136994	0	0
	点	136994	1	0
	点	136994	2	0
	点	137066	1	0
	点	137118	3	0
	点	137190	3	0
	点	137242	0	0
	点	137242	1	0
	点	137242	2	0
	点	137365	1	0
	点	137365	2	0
	点	137365	3	0
	点	137489	0	0
	点	137489	1	0
	点	137489	2	0
	点	137612	1	0
	点	137612	2	0
	点	137612	3	0
	点	137736	0	0
	点	137736	1	0
	点	137736	2	0
	点	137860	1	0
	点	137860	2	0
	点	137860	3	0
	点	137982	0	0
	点	137982	1	0
	点	137982	2	0
	点	138106	3	0
	点	138229	0	0
	点	138229	2	0
	点	138353	1	0
	点	138476	0	0
	点	138476	2	0
	点	138476	3	0
	点	138600	1	0
	点	138724	0	0
	点	138724	3	0
	点	138846	1	0
	点	138970	0	0
	点	138970	2	0
	点	138970	3	0
	点	139093	1	0
	点	139217	0	0
	点	139217	2	0
	点	139217	3	0
	点	139341	0	0
	点	139341	1	0
	点	139341	3	0
	点	139464	0	0
	点	139464	2	0
	点	139464	3	0
	点	139588	0	0
	点	139588	1	0
	点	139588	3	0
	点	139710	0	0
	点	139710	2	0
	点	139710	3	0
	点	139834	0	0
	点	139834	1	0
	点	139834	3	0
	点	139958	0	0
	点	139958	2	0
	点	139958	3	0
	点	140081	1	0
	点	140205	2	0
	点	140205	3	0
	点	140328	0	0
	点	140452	1	0
	点	140452	2	0
	点	140452	3	0
	点	140576	0	0
	点	140698	1	0
	点	140698	3	0
	点	140822	0	0
	点	140945	1	0
	点	140945	2	0
	点	140945	3	0
	点	141069	0	0
	点	141193	1	0
	点	141193	2	0
	点	141193	3	0
	点	141316	0	0
	点	141316	1	0
	点	141316	2	0
	点	141440	1	0
	点	141440	2	0
	点	141440	3	0
	点	141562	0	0
	点	141562	1	0
	点	141562	2	0
	点	141686	1	0
	点	141686	2	0
	点	141686	3	0
	点	141809	0	0
	点	141809	1	0
	点	141809	2	0
	点	141933	1	0
	点	141933	2	0
	点	141933	3	0
	点	142057	0	0
	点	142180	1	0
	点	142180	2	0
	点	142180	3	0
	点	142304	1	0
	点	142304	2	0
	点	142304	3	0
	点	142426	1	0
	点	142426	2	0
	点	142426	3	0
	点	142550	0	0
	点	142674	1	0
	点	142674	2	0
	点	142674	3	0
	点	142797	0	0
	点	142921	1	0
	点	142921	2	0
	点	142921	3	0
	点	143044	0	0
	点	143168	1	0
	点	143168	2	0
	点	143168	3	0
	点	143292	0	0
	点	143292	2	0
	点	143292	3	0
	点	143414	1	0
	点	143414	2	0
	点	143414	3	0
	点	143538	0	0
	点	143538	2	0
	点	143538	3	0
	点	143661	1	0
	点	143661	2	0
	点	143661	3	0
	点	143785	0	0
	点	143785	2	0
	点	143785	3	0
	点	143909	1	0
	点	143909	2	0
	点	143909	3	0
	点	144032	1	0
	点	144156	0	0
	点	144156	2	0
	点	144156	3	0
	点	144278	0	0
	点	144278	2	0
	点	144278	3	0
	点	144402	0	0
	点	144402	2	0
	点	144402	3	0
	点	144526	1	0
	点	144649	0	0
	点	144649	2	0
	点	144649	3	0
	点	144773	1	0
	点	144896	0	0
	点	144896	2	0
	点	144896	3	0
	点	145020	1	0
	点	145142	0	0
	点	145142	2	0
	点	145142	3	0
	点	145266	0	0
	点	145266	1	0
	点	145266	2	0
	点	145390	0	0
	点	145390	2	0
	点	145390	3	0
	点	145513	0	0
	点	145513	1	0
	点	145513	2	0
	点	145637	0	0
	点	145637	2	0
	点	145637	3	0
	点	145760	0	0
	点	145760	1	0
	点	145760	2	0
	点	145884	0	0
	点	145884	2	0
	点	145884	3	0
	点	146008	3	0
	点	146130	0	0
	点	146130	1	0
	点	146130	2	0
	点	146254	0	0
	点	146254	1	0
	点	146254	2	0
	点	146377	0	0
	点	146377	1	0
	点	146377	2	0
	点	146501	3	0
	点	146625	0	0
	点	146625	1	0
	点	146625	2	0
	点	146748	3	0
	点	146872	0	0
	点	146872	1	0
	点	146872	2	0
	点	146994	3	0
	点	147118	0	0
	点	147118	1	0
	点	147118	2	0
	点	147242	0	0
	点	147242	1	0
	点	147242	3	0
	点	147365	0	0
	点	147365	1	0
	点	147365	2	0
	点	147489	0	0
	点	147489	1	0
	点	147489	3	0
	点	147612	0	0
	点	147612	1	0
	点	147612	2	0
	点	147736	0	0
	点	147736	1	0
	点	147736	3	0
	点	147860	0	0
	点	147860	1	0
	点	147860	2	0
	点	147982	2	0
	点	148106	0	0
	点	148106	1	0
	点	148106	3	0
	点	148229	0	0
	点	148229	1	0
	点	148229	3	0
	点	148353	0	0
	点	148353	1	0
	点	148353	3	0
	点	148476	2	0
	点	148600	0	0
	点	148600	1	0
	点	148600	3	0
	点	148724	2	0
	点	148846	0	0
	点	148846	1	0
	点	148846	3	0
	点	148970	2	0
	点	149093	0	0
	点	149093	1	0
	点	149093	3	0
	点	149217	1	0
	点	149217	2	0
	点	149217	3	0
	点	149341	0	0
	点	149341	1	0
	点	149341	3	0
	点	149464	1	0
	点	149464	2	0
	点	149464	3	0
	点	149588	0	0
	点	149588	1	0
	点	149588	3	0
	点	149710	1	0
	点	149710	2	0
	点	149710	3	0
	点	149834	0	0
	点	149834	1	0
	点	149834	3	0
	点	149958	0	0
	点	149958	2	0
	点	150081	0	0
	点	150081	1	0
	点	150081	3	0
	点	150205	1	0
	点	150205	2	0
	点	150328	0	0
	点	150328	2	0
	点	150328	3	0
	点	150452	1	0
	点	150452	3	0
	点	150576	0	0
	点	150576	2	0
	点	150698	0	0
	点	150698	2	0
	点	150822	1	0
	点	150822	3	0
	点	150945	0	0
	点	150945	2	0
	点	151069	0	0
	点	151069	1	0
	点	151069	3	0
	点	151193	1	0
	点	151193	2	0
	点	151316	0	0
	点	151316	3	0
	点	151440	1	0
	点	151440	2	0
	点	151440	3	0
	点	151562	0	0
	点	151562	2	0
	点	151686	1	0
	点	151686	3	0
	点	151809	0	0
	点	151809	2	0
	点	151809	3	0
	点	151933	1	0
	点	151933	2	0
	点	152057	0	0
	点	152057	1	0
	点	152057	3	0
	点	152180	2	0
	点	152180	3	0
	点	152304	0	0
	点	152304	1	0
	点	152304	2	0
	点	152426	0	0
	点	152426	3	0
	点	152550	1	0
	点	152550	2	0
	点	152674	1	0
	点	152674	2	0
	点	152797	0	0
	点	152797	3	0
	点	152921	1	0
	点	152921	2	0
	点	153044	0	0
	点	153044	2	0
	点	153044	3	0
	点	153168	0	0
	点	153168	1	0
	点	153292	2	0
	点	153292	3	0
	点	153414	0	0
	点	153414	1	0
	点	153414	3	0
	点	153538	0	0
	点	153538	2	0
	点	153661	1	0
	点	153661	3	0
	点	153785	0	0
	点	153785	2	0
	点	153785	3	0
	点	153909	0	0
	点	153909	1	0
	点	154032	1	0
	点	154032	2	0
	点	154032	3	0
	点	154156	0	0
	点	154156	2	0
	点	154278	0	0
	点	154278	1	0
	点	154278	3	0
	点	154402	1	0
	点	154402	2	0
	点	154526	0	0
	点	154526	3	0
	点	154649	0	0
	点	154649	3	0
	点	154773	1	0
	点	154773	2	0
	点	154896	0	0
	点	154896	3	0
	点	155020	1	0
	点	155020	2	0
	点	155020	3	0
	点	155142	0	0
	点	155142	2	0
	点	155266	0	0
	点	155266	3	0
	点	155390	1	0
	点	155390	2	0
	点	155390	3	0
	点	155513	0	0
	点	155513	2	0
	点	155637	1	0
	点	155637	3	0
	点	155760	0	0
	点	155760	1	0
	点	155760	2	0
	点	155884	1	0
	点	155884	3	0
	点	156008	0	0
	点	156008	2	0
	点	156008	3	0
	点	156130	0	0
	点	156130	1	0
	点	156254	1	0
	点	156254	2	0
	点	156254	3	0
	点	156377	0	0
	点	156377	3	0
	点	156501	1	0
	点	156501	2	0
	点	156625	1	0
	点	156625	2	0
	点	156748	0	0
	点	156748	3	0
	点	156872	1	0
	点	156872	2	0
	点	156994	0	0
	点	156994	2	0
	点	156994	3	0
	点	157118	1	0
	点	157118	3	0
	点	157242	0	0
	点	157242	2	0
	点	157365	0	0
	点	157365	1	0
	点	157365	3	0
	点	157489	2	0
	点	157489	3	0
	点	157612	0	0
	点	157612	1	0
	点	157736	0	0
	点	157736	2	0
	点	157736	3	0
	点	157860	1	0
	点	157982	1	0
	点	157982	2	0
	点	157982	3	0
	点	158106	0	0
	点	158106	2	0
	点	158229	0	0
	点	158229	1	0
	点	158229	3	0
	点	158353	1	0
	点	158353	2	0
	点	158476	0	0
	点	158476	3	0
	点	158600	0	0
	点	158600	3	0
	点	158724	1	0
	点	158724	2	0
	点	158846	0	0
	点	158846	3	0
	点	158970	0	0
	点	158970	1	0
	点	158970	2	0
	点	159093	1	0
	点	159093	3	0
	点	159217	0	0
	点	159217	2	0
	点	159341	1	0
	点	159341	2	0
	点	159341	3	0
	点	159464	0	0
	点	159464	1	0
	点	159588	2	0
	点	159588	3	0
	点	159710	0	0
	点	159710	1	0
	点	159710	2	0
	点	159834	1	0
	点	159834	3	0
	点	159958	0	0
	点	159958	2	0
	点	159958	3	0
	点	160081	0	0
	点	160081	1	0
	点	160205	1	0
	点	160205	2	0
	点	160205	3	0
	点	160328	0	0
	点	160328	3	0
	点	160452	1	0
	点	160452	2	0
	点	160576	1	0
	点	160576	2	0
	点	160698	0	0
	点	160698	3	0
	点	160822	1	0
	点	160822	2	0
	点	160945	0	0
	点	160945	2	0
	点	160945	3	0
	点	161069	0	0
	点	161069	1	0
	点	161193	1	0
	点	161193	2	0
	点	161316	0	0
	点	161316	2	0
	点	161316	3	0
	点	161440	0	0
	点	161440	1	0
	点	161562	2	0
	点	161562	3	0
	点	161686	0	0
	点	161686	1	0
	点	161686	3	0
	点	161809	2	0
	点	161809	3	0
	点	161933	0	0
	点	161933	1	0
	点	161933	2	0
	点	162057	1	0
	点	162057	3	0
	点	162180	0	0
	点	162180	2	0
	点	162180	3	0
	点	162304	1	0
	点	162304	2	0
	点	162426	0	0
	点	162426	3	0
	点	162550	0	0
	点	162550	3	0
	点	162674	1	0
	点	162674	2	0
	点	162797	0	0
	点	162797	3	0
	点	162921	0	0
	点	162921	1	0
	点	162921	2	0
	点	163044	2	0
	点	163044	3	0
	点	163168	0	0
	点	163168	1	0
	点	163292	1	0
	点	163292	2	0
	点	163292	3	0
	点	163414	0	0
	点	163414	2	0
	点	163538	1	0
	点	163538	3	0
	点	163661	0	0
	点	163661	1	0
	点	163661	2	0
	点	163785	3	0
	点	163909	0	0
	点	163909	2	0
	点	163909	3	0
	点	164032	0	0
	点	164032	1	0
	点	164156	1	0
	点	164156	2	0
	点	164156	3	0
	点	164278	0	0
	点	164278	3	0
	点	164402	1	0
	点	164402	2	0
	点	164526	1	0
	点	164526	2	0
	点	164649	0	0
	点	164649	3	0
	点	164773	1	0
	点	164773	2	0
	点	164896	0	0
	点	164896	1	0
	点	164896	3	0
	点	165020	2	0
	点	165020	3	0
	点	165142	0	0
	点	165142	1	0
	点	165266	0	0
	点	165266	2	0
	点	165266	3	0
	点	165390	1	0
	点	165390	3	0
	点	165513	0	0
	点	165513	2	0
	点	165637	0	0
	点	165637	1	0
	点	165637	3	0
	点	165760	2	0
	点	165760	3	0
	按	165884	0	246
	点	165884	1	0
	点	165884	2	0
	点	166008	1	0
	点	166008	3	0
	按	166130	2	246
	点	166130	3	0
	点	166254	0	0
	点	166254	1	0
	按	166377	0	248
	点	166377	3	0
	按	166501	1	246
	点	166501	3	0
	点	166625	2	0
	点	166748	0	0
	点	166748	3	0
	点	166872	0	0
	点	166872	1	0
	按	166872	2	246
	点	166994	1	0
	点	166994	3	0
	点	167118	0	0
	点	167118	3	0
	点	167242	0	0
	按	167242	1	246
	点	167242	2	0
	点	167365	0	0
	点	167365	3	0
	点	167489	2	0
	点	167489	3	0
	点	167612	1	0
	按	167612	2	248
	点	167612	3	0
	点	167736	0	0
	点	167736	1	0
	点	167860	0	0
	按	167860	1	246
	点	167860	3	0
	点	167982	2	0
	点	167982	3	0
	点	168106	0	0
	按	168106	2	246
	点	168229	0	0
	点	168229	3	0
	按	168353	1	246
	点	168353	3	0
	按	168476	0	248
	点	168476	2	0
	点	168600	3	0
	点	168724	1	0
	点	168724	2	0
	点	168846	0	0
	点	168846	1	0
	按	168846	3	246
	点	168970	0	0
	点	168970	2	0
	点	169093	1	0
	点	169217	0	0
	按	169217	2	246
	点	169217	3	0
	点	169341	0	0
	点	169341	1	0
	点	169464	3	0
	点	169588	0	0
	按	169588	1	246
	点	169588	3	0
	点	169710	0	0
	点	169710	2	0
	点	169834	0	0
	点	169834	2	0
	点	169958	1	0
	点	169958	3	0
	点	170081	0	0
	点	170081	2	0
	点	170081	3	0
	点	170205	1	0
	点	170205	2	0
	点	170328	0	0
	点	170328	3	0
	点	170452	0	0
	点	170452	3	0
	点	170576	1	0
	点	170576	2	0
	点	170698	0	0
	点	170698	3	0
	点	170822	1	0
	点	170822	2	0
	点	170822	3	0
	点	170945	0	0
	点	170945	2	0
	点	171069	1	0
	点	171069	3	0
	点	171193	0	0
	点	171193	1	0
	点	171193	2	0
	点	171316	2	0
	点	171316	3	0
	点	171440	0	0
	点	171440	1	0
	点	171562	1	0
	点	171562	2	0
	点	171562	3	0
	点	171686	0	0
	点	171686	2	0
	点	171809	0	0
	点	171809	1	0
	点	171809	3	0
	点	171933	2	0
	点	171933	3	0
	点	172057	0	0
	点	172057	1	0
	点	172057	2	0
	点	172180	0	0
	点	172180	3	0
	点	172304	1	0
	点	172304	2	0
	点	172426	1	0
	点	172426	2	0
	点	172550	0	0
	点	172550	3	0
	点	172674	1	0
	点	172674	2	0
	点	172797	0	0
	点	172797	1	0
	点	172797	3	0
	点	172921	2	0
	点	172921	3	0
	点	173044	1	0
	点	173044	2	0
	点	173168	0	0
	点	173168	1	0
	点	173168	3	0
	点	173292	2	0
	点	173292	3	0
	点	173414	0	0
	点	173414	1	0
	点	173538	0	0
	点	173538	2	0
	点	173538	3	0
	点	173661	0	0
	点	173661	1	0
	点	173785	1	0
	点	173785	2	0
	按	173785	3	246
	点	173909	0	0
	点	173909	2	0
	点	174032	0	0
	按	174032	1	246
	点	174156	2	0
	点	174156	3	0
	按	174278	0	248
	点	174278	2	0
	按	174402	1	246
	点	174402	3	0
	点	174526	2	0
	点	174649	0	0
	点	174649	3	0
	点	174773	1	0
	按	174773	2	246
	点	174773	3	0
	点	174896	0	0
	点	174896	1	0
	点	175020	0	0
	点	175020	3	0
	按	175142	0	248
	点	175142	1	0
	点	175142	2	0
	点	175266	1	0
	点	175266	3	0
	点	175390	2	0
	点	175513	1	0
	按	175513	2	246
	点	175513	3	0
	点	175637	0	0
	点	175637	1	0
	点	175760	0	0
	按	175760	3	248
	点	175884	1	0
	点	175884	2	0
	按	176008	0	246
	点	176008	1	0
	点	176130	2	0
	点	176130	3	0
	按	176254	1	246
	点	176254	3	0
	点	176377	0	0
	按	176377	2	248
	点	176501	3	0
	点	176625	0	0
	点	176625	1	0
	点	176748	0	0
	按	176748	2	246
	点	176748	3	0
	点	176872	1	0
	点	176872	3	0
	点	176994	0	0
	点	177118	0	0
	按	177118	1	246
	点	177118	3	0
	点	177242	2	0
	点	177242	3	0
	点	177365	0	0
	点	177489	0	0
	按	177489	2	246
	点	177489	3	0
	点	177612	1	0
	点	177612	3	0
	点	177736	0	0
	点	177736	1	0
	点	177860	0	0
	点	177860	2	0
	点	177982	0	0
	点	177982	1	0
	点	177982	3	0
	点	178106	0	0
	点	178106	3	0
	点	178229	0	0
	点	178229	1	0
	点	178229	3	0
	点	178353	0	0
	点	178353	2	0
	点	178353	3	0
	点	178476	0	0
	点	178476	1	0
	点	178600	0	0
	点	178600	3	0
	点	178724	0	0
	点	178724	1	0
	点	178724	2	0
	点	178846	0	0
	点	178846	3	0
	点	178970	0	0
	点	178970	2	0
	点	179093	0	0
	点	179093	1	0
	点	179093	3	0
	点	179217	0	0
	点	179217	2	0
	点	179341	0	0
	点	179341	1	0
	点	179464	0	0
	点	179464	2	0
	点	179464	3	0
	点	179588	0	0
	点	179588	1	0
	点	179710	0	0
	点	179710	1	0
	点	179710	2	0
	点	179710	3	0
	点	179834	1	0
	点	179834	2	0
	点	179834	3	0
	点	179958	0	0
	点	179958	1	0
	点	179958	2	0
	点	179958	3	0
	点	180081	0	0
	点	180081	2	0
	点	180081	3	0
	点	180205	0	0
	点	180205	1	0
	点	180205	2	0
	点	180205	3	0
	点	180328	0	0
	点	180328	1	0
	点	180328	2	0
	点	180328	3	0
	点	180452	0	0
	点	180452	1	0
	点	180452	3	0
	点	180576	1	0
	点	180576	2	0
	点	180576	3	0
	点	180698	0	0
	点	180698	1	0
	点	180698	2	0
	点	180698	3	0
	点	180822	0	0
	点	180822	2	0
	点	180822	3	0
	点	180945	0	0
	点	180945	1	0
	点	180945	3	0
	点	181069	0	0
	点	181069	1	0
	点	181069	2	0
	点	181069	3	0
	点	181193	1	0
	点	181193	2	0
	点	181193	3	0
	点	181316	0	0
	点	181316	1	0
	点	181316	3	0
	点	181440	0	0
	点	181440	1	0
	点	181440	2	0
	点	181440	3	0
	点	181562	0	0
	点	181562	2	0
	点	181562	3	0
	按	181686	0	4073
	按	181686	1	4073
	按	181686	2	4073
	按	181686	3	4073
	按	185760	0	865
	按	185760	1	741
	按	185760	2	741
	按	185760	3	865
	点	186625	1	0
	点	186625	2	0
186666	126	3639	3271	
